Time	Temperature (°F)	Dew Point (°F)	Humidity (%)	Wind Speed (mph)	Pressure (in)	Precipitation (in)
1
2
3
4
5
6
7
8
9
10
11
12
13
14
15
16
17
18
19
20
21
22
23
24
25
26
27
28
29
30	
Max	Avg	Min
88	82.8	79
88	80.9	79
86	79.0	75
90	79.0	0
88	83.5	79
95	84.1	79
95	86.8	81
93	85.4	77
91	83.8	77
86	80.2	77
88	82.9	77
88	83.5	79
88	84.3	81
86	82.3	79
88	82.0	79
86	78.9	0
88	82.3	77
90	83.4	79
84	78.8	77
82	78.6	77
91	82.0	77
86	81.2	77
91	81.5	77
90	82.5	77
82	80.9	77
91	80.9	73
93	83.7	79
91	82.3	79
88	82.3	77
90	83.2	79	
Max	Avg	Min
79	77.5	75
81	78.2	75
79	76.5	73
81	74.7	0
81	77.8	77
81	77.2	75
79	77.7	75
81	76.6	72
81	77.6	75
81	77.4	75
79	77.3	75
81	77.9	75
81	77.8	75
81	77.6	75
79	76.8	75
79	72.1	0
77	74.6	73
79	77.1	75
79	76.7	75
77	75.8	75
77	75.6	73
79	75.9	75
79	76.6	75
79	75.8	75
79	76.7	75
79	75.6	73
79	76.4	75
77	75.8	73
77	75.8	59
77	74.9	73	
Max	Avg	Min
100	84.4	70
100	91.7	75
100	92.7	79
94	83.8	0
94	83.1	70
94	81.5	56
94	75.6	53
94	75.8	56
94	82.7	63
100	91.5	74
94	83.6	70
89	83.5	75
94	81.2	66
94	86.2	79
94	85.2	70
89	76.8	0
94	78.5	66
94	82.0	66
100	93.9	84
100	92.0	84
94	81.8	63
94	84.9	70
100	86.0	63
94	80.8	66
94	87.1	79
100	85.2	55
94	80.2	59
94	82.2	55
94	81.8	42
94	77.8	59	
Max	Avg	Min
22	8.8	0
22	10.0	2
29	8.7	2
21	7.5	0
16	6.8	1
17	4.3	0
8	4.6	0
21	6.8	0
16	5.4	1
13	4.6	0
17	9.0	0
18	10.9	5
16	9.0	0
20	9.3	1
16	7.1	0
16	7.7	0
18	9.2	3
22	8.8	2
13	5.8	2
15	4.1	0
18	7.5	0
18	5.1	0
16	5.1	0
10	4.8	0
24	11.5	2
10	6.5	3
10	5.8	2
17	5.3	1
9	3.4	0
9	5.1	1	
Max	Avg	Min
29.7	29.6	29.6
29.7	29.6	29.6
29.7	29.6	29.6
29.7	29.7	29.6
29.7	29.7	29.6
29.8	29.7	29.7
29.8	29.8	29.7
29.8	29.8	29.7
29.8	29.7	29.7
29.8	29.7	29.7
29.7	29.7	29.7
29.7	29.7	29.6
29.7	29.7	29.7
29.7	29.7	29.7
29.7	29.7	29.6
29.7	28.4	0.0
29.7	29.7	29.6
29.7	29.7	29.6
29.7	29.7	29.6
29.7	29.7	29.6
29.8	29.7	29.7
29.8	29.7	29.7
29.7	28.5	0.0
29.7	29.6	29.5
29.6	29.5	29.4
29.6	29.6	29.5
29.7	29.6	29.5
29.7	29.6	29.6
29.8	29.7	29.7
29.8	29.7	29.7	